admin01:4.0
admin02:24.018019
admin03:2.8873873
