admin01:4.0
admin02:24.018019
admin03:39.036037
